lambda0 =  0.10000000000E-05
omega =  0.18836515673E+16
T0 =  0.33356409520E-14
alaser =   100.00000000    
ilaser =  0.13681671274E+27
r =  0.11200571414E-04
phi0 =   3.9269908170    
p =   0.0000000000    
l =   0.0000000000    
C_pl =   1.0000000000    
L_pl =   1.0000000000    
w0 =  0.30000000000E-05
xr =  0.28274333882E-04
xr2 =  0.56548667765E-04
wx =  0.32163527493E-05
wx2 =  0.30555247098E-05
rx =  0.91890285649E-09
rx2 =  0.33172167260E-08
phix = -0.36887516517    
phix2 = -0.19093041283    
tend =  0.10006922856E-12
den_nc =  0.11148542159E+28
